1080 1440 
1080 1440 
1080 1440 
1080 1440 
1080 1440 
1080 1440 
1080 1440 
1080 1440 
1080 1440 
1080 1440 
1080 1440 
1080 1440 
1080 1440 
1080 1440 
1080 1440 
1080 1440 
1080 1440 
1080 1440 
1080 1440 
1080 1440 
1080 1440 
1080 1440 
1080 1440 
1080 1440 
1080 1440 
1080 1440 
1080 1440 
1080 1440 
1080 1440 
1080 1440 
1080 1440 
1080 1440 
1080 1440 
1080 1440 
1080 1440 
1080 1440 
1080 1440 
1080 1440 
1080 1440 
1080 1440 
1080 1440 
1080 1440 
1080 1440 
1080 1440 
1440 1080 
1440 1080 
1440 1080 
1440 1080 
1440 1080 
1440 1080 
1440 1080 
1440 1080 
1440 1080 
1440 1080 
1440 1080 
1440 1080 
1440 1080 
1440 1080 
1440 1080 
1440 1080 
1440 1080 
1440 1080 
1440 1080 
1440 1080 
1440 1080 
1440 1080 
1440 1080 
1440 1080 
1440 1080 
1440 1080 
1440 1080 
